1, 180, 224, 0,
1, 432, 224, 1,
1, 700, 224, 1, 
1, 952, 224, 0, 
1, 1200, 224, 12,
2, 54,   258, 5,
2, 312,  258, 7,
2, 570,  258, 7,
2, 828,  258, 7, 
2, 1086, 258, 7, 
2, 186,  198, 7, 
2, 444,  198, 7, 
2, 702,  198, 7,
2, 960,  198, 7,
2, 1218, 198, 7,
2, 1460, 254, 4,
2, 1340, 64, 7,
2, 1592, 0, 14,
2, 1714, 64, 0,
2, 1974, 64, 7,
2, 1844, 258, 4,
2, 2104, 258, 7,
2, 2232, 258, 7, 
2, 2360, 258, 7,
2, 2488, 258, 7, 
2, 2610, 258, 7,
2, 2736, 198, 7, 
2, 2872, 64, 7, 
2, 2990, 0, 8,
2, 3250, 64, 0, 
2, 3380, 32, 7,
2, 3130, 258, 4,
2, 3510, 198, 7,
2, 3670, 32, 0,
2, 3764, 258, 7, 
2, 5686, 32, 4, 
2, 5810, 32, 7, 
2, 5940, 32, 7,
2, 6064, 32, 4,
2, 6190, 32, 15,
2, 6320, 32, 7,
2, 6456, 32, 7,
2, 6610, 32, 0,
2, 3890, 6, 8,
2, 4010, 64, 7,
2, 4280, 64, 7,
2, 4540, 64, 17,
2, 4404, 130, 7,
2, 4150, 198, 0,
2, 4666, 258, 7,
2, 4796, 198, 13,
2, 4924, 258, 7,
2, 5052, 258, 7,
2, 5308, 258, 7,
2, 5180, 198, 0,
2, 5436, 198, 7,
2, 5560, 198, 0,
3, 1, 30101, 0, 0, 32, 64,
3, 1, 30102, 32, 0, 64, 64,
3, 2, 30103, 0, 0, 16, 32,
3, 2, 30104, 16, 0, 32, 32,
3, 3, 30105, 0, 0, 42, 44,
3, 3, 30106, 42, 0, 84, 44,
3, 3, 30107, 84, 0, 126, 44,
3, 1, 30108, 0, 0, 0, 0,
4, 301, 30101, 30102,
4, 302, 30103, 30104,
4, 303, 30105, 30106, 30107, 
4, 304, 30104,
4, 305, 30108,