1, 0, 1536, 0,    288,
2, 0, 3168, 0,    322,
2, 0, 96,   1376, 194,
2, 0, 320,  1504, 130,
2, 0, 192,  1856, 194,
2, 0, 544,  2784, 130,
2, 0, 96,   3328, 194, 
2, 0, 192,  3584, 160,
2, 0, 128,  3584, 192,
2, 0, 128,  3584, 224,
2, 0, 96,   3616, 256,
2, 0, 96,   3616, 288,
2, 2, 32,   3584, 256, 2,
2, 3, 32,   3584, 288, 11,
2, 0, 608,  3200, 322,
2, 0, 32,   3056, 0,
2, 0, 32,   3056, 160,
2, 0, 32,   3056, 192,
2, 0, 32,   3056, 224,
2, 0, 32,   3056, 256,
2, 0, 32,   3056, 288,
2, 0, 96,   3776, 194,
2, 0, 416,  3904, 130,
2, 0, 64,   4032, 0,
2, 0, 18,   4078, 160,
2, 0, 18,   4078, 192,
2, 0, 18,   4078, 224,
2, 0, 18,   4078, 256,
2, 0, 18,   4078, 288,
2, 0, 1792, 3840, 322,
2, 0, 352,  4352, 194,
2, 0, 32,   5440, 258,
2, 1, 32,   5472, 258, 9,
2, 0, 96,   5536, 194,
2, 0, 14,   5616, 0,
2, 0, 14,   5616, 32,
2, 0, 14,   5616, 64,
2, 0, 14,   5616, 224,
2, 0, 14,   5616, 256,
2, 0, 14,   5616, 288,
2, 0, 448,  5628, 160,
2, 0, 64,   5820, 96, 
2, 0, 64,   6140, 160,
2, 0, 288,  6268, 160,
2, 1, 32,   6556, 160, 0,
2, 0, 64,   6588, 224,
2, 0, 64,   6524, 288,
3, 1, 40001, 0, 0, 0, 0, 
3, 1, 40002, 0, 0, 32, 32, 
3, 2, 40003, 0, 0, 32, 32,
3, 3, 40004, 0, 0, 32, 32, 
4, 401, 40001,
4, 402, 40002,
4, 403, 40003,
4, 404, 40004,
4, 405, 40001, 
