45, 62,
50, 60,
1, 00000, 0, 0, 60, 66,
1, 00001, 60, 0, 120, 66,
1, 00002, 120, 0, 180, 66,
1, 00003, 180, 0, 240, 66,
1, 00300, 300, 198, 360, 264,
1, 00005, 300, 0, 360, 66,
1, 00006, 360, 0, 420, 66,
1, 00007, 420, 0, 480, 66,
1, 00004, 240, 0, 300, 66,
1, 00107, 420, 66, 480, 132,
1, 00200, 0, 132, 60, 198,
1, 00201, 60, 132, 120, 198,
1, 00301, 0, 198, 60, 264,
1, 00302, 60, 198, 120, 264,
1, 00303, 120, 198, 180, 264,
1, 00100, 0, 66, 60, 132,
1, 00104, 240, 66, 300, 132,
1, 00105, 300, 66, 360, 132,
1, 00102, 120, 66, 180, 132,
1, 00103, 180, 66, 240, 132,
1, 00207, 420, 132, 480, 198,
1, 00206, 360, 132, 420, 198,
1, 00205, 300, 132, 360, 198,
1, 00202, 120, 132, 180, 198,
1, 00203, 180, 132, 240, 198,
1, 00204, 240, 132, 300, 198,
1, 00100, 0, 66, 60, 132,
1, 00304, 240, 198, 300, 264,
1, 00303, 180, 198, 240, 264,
2, 0, 00000,
2, 1, 00000, 00001, 00002, 00003, 
2, 3, 00300,
2, 4, 00005, 00006, 00007,
2, 7, 00005, 00006, 00007,
2, 2, 00004, 
2, 5, 00107, 00200, 00201,
2, 8, 00107, 00200, 00201,
2, 6, 00301, 00302, 00303,
2, 9, 00100,
2, 10, 00105, 00104,
2, 11, 00104,
2, 12, 00103, 00102,
2, 13, 00102,
2, 14, 00205, 00206, 00207,
2, 15, 00202, 00203, 00204,
2, 16, 00304,
2, 17, 00303,