1, 1, 50001, 0, 0, 24, 20, 	
1, 2, 50002, 0, 0, 32, 32, 
1, 3, 50003, 0, 0, 32, 18, 
1, 3, 50004, 0, 32, 32, 32, 
1, 4, 50005, 0, 0, 30, 28,	
1, 5, 50006, 0, 0, 30, 28,			
1, 6, 50007, 0, 0, 32, 32, 
1, 7, 50008, 0, 0, 28, 28, 
1, 8, 50009, 0, 0, 32, 32, 
1, 9, 50010, 0, 0, 30, 30,
1, 9, 50011, 30, 0, 60, 30, 
1, 9, 50012, 60, 0, 90, 30,
1, 10, 50013, 0, 0, 32, 26, 	
1, 11, 50014, 0, 0, 16, 16, 
1, 12, 50015, 0, 0, 28, 28, 
1, 13, 50016, 0, 0, 30, 32, 
1, 14, 50017, 0, 0, 28, 32, 
1, 14, 50018, 28, 0, 56, 32,
1, 15, 50019, 0, 0, 33, 40,
2, 501, 50001,
2, 502, 50002,
2, 513, 50003,
2, 503, 50004,
2, 514, 50005,
2, 509, 50007,
2, 510, 50008,
2, 515, 50009,
2, 504, 50010,
2, 505, 50011,
2, 506, 50012,
2, 507, 50010, 50011, 50012,
2, 512, 50013,
2, 508, 50014,
2, 511, 50015,
2, 516, 50016,
2, 517, 50017, 50018,
2, 518, 50019,